point : x = 100, y = 200
156 156 151 146 145 148 147 142 148 147 146 149 148 147 144 146 152 147 149 149 152 153 153 152 156 158 161 164 161 159 160 159 166 166 162 163 162 164 163 164 168 162 163 160 161 165 164 164 160 158 159 160 160 161 155 162 162 158 161 157 159 163 161 163 163 156 167 166 168 168 166 164 170 171 174 169 164 166 167 166 169 168 168 167 165 166 166 166 167 172 168 170 171 168 166 166 170 171 
156 156 155 154 153 152 151 150 149 148 147 148 148 147 146 146 147 147 148 149 150 151 152 152 153 154 155 156 157 158 159 159 160 161 162 163 162 163 163 164 165 164 163 162 161 162 163 164 163 162 161 160 160 161 160 161 162 161 161 160 159 160 161 162 163 162 163 164 165 166 166 165 166 167 168 169 168 167 167 166 167 168 168 167 166 166 166 166 167 168 168 169 170 169 168 167 168 169 
156 156 153 149 147 147 147 144 146 146 146 147 147 147 145 145 148 147 148 148 150 151 152 152 154 156 158 161 161 160 160 159 162 164 163 163 162 163 163 163 165 163 163 161 161 163 163 163 161 159 159 159 159 160 157 159 160 159 160 158 158 160 160 161 162 159 163 164 166 167 166 165 167 169 171 170 167 166 166 166 167 167 167 167 166 166 166 166 166 169 168 169 170 169 167 166 168 169 
156 156 155 155 155 155 155 155 155 155 155 155 155 155 155 155 155 155 155 155 154 154 153 153 153 153 153 153 153 153 154 154 154 154 154 154 154 154 154 154 154 154 154 154 154 154 154 154 154 155 155 155 155 155 155 155 155 156 156 156 157 157 157 157 157 157 157 157 157 157 157 157 157 157 157 157 157 157 157 157 157 157 157 157 157 157 157 157 157 157 157 157 157 157 157 157 157 157 
156 156 156 156 156 156 156 156 156 156 156 156 156 156 156 156 156 156 156 156 156 156 156 156 156 158 161 164 164 164 164 164 166 166 166 166 166 166 166 166 168 168 168 168 168 168 168 168 168 168 168 168 168 168 168 168 168 168 168 168 168 168 168 168 168 168 168 168 168 168 168 168 170 171 174 174 174 174 174 174 174 174 174 174 174 174 174 174 174 174 174 174 174 174 174 174 174 174 
156 156 151 146 145 145 145 142 142 142 142 142 142 142 142 142 142 142 142 142 142 142 142 142 142 142 142 142 142 142 142 142 142 142 142 142 142 142 142 142 142 142 142 142 142 142 142 142 142 142 142 142 142 142 142 142 142 142 142 142 142 142 142 142 142 142 142 142 142 142 142 142 142 142 142 142 142 142 142 142 142 142 142 142 142 142 142 142 142 142 142 142 142 142 142 142 142 142 
point : x = 150, y = 150
113 124 118 119 119 119 118 116 116 116 118 117 115 118 117 119 118 117 119 119 118 117 120 113 117 116 115 115 113 113 118 116 118 117 109 115 112 110 112 112 113 110 112 108 109 109 111 111 111 110 108 109 117 118 115 115 110 115 111 117 116 119 118 119 117 115 113 115 106 107 111 107 112 109 108 109 119 118 117 107 110 107 103 110 111 108 109 110 115 116 113 115 114 110 114 116 112 116 
113 114 115 116 117 118 118 117 116 116 117 117 116 117 117 118 118 117 118 119 118 117 118 117 117 116 115 115 114 113 114 115 116 117 116 115 114 113 112 112 113 112 112 111 110 109 110 111 111 110 109 109 110 111 112 113 112 113 112 113 114 115 116 117 117 116 115 115 114 113 112 111 112 111 110 109 110 111 112 111 110 109 108 109 110 109 109 110 111 112 113 114 114 113 114 115 114 115 
113 118 118 118 118 118 118 117 116 116 117 117 116 117 117 118 118 117 118 118 118 117 118 115 116 116 115 115 114 113 115 115 116 116 112 113 112 111 111 111 112 111 111 109 109 109 110 110 110 110 109 109 113 115 115 115 112 113 112 114 115 117 117 118 117 116 114 114 110 108 109 108 110 109 108 108 113 115 116 111 110 108 105 107 109 108 108 109 112 114 113 114 114 112 113 114 113 114 
113 113 113 113 113 113 113 114 114 115 115 116 115 116 116 116 117 117 117 118 118 117 117 117 117 116 116 115 115 114 115 115 116 116 116 116 115 115 115 115 114 114 114 113 113 113 113 112 112 111 111 110 111 111 111 111 111 111 111 111 111 111 111 111 111 111 112 112 112 112 112 112 112 111 111 110 110 110 111 110 110 110 109 109 110 110 109 109 110 110 110 110 111 110 110 111 111 111 
113 124 124 124 124 124 124 124 124 124 124 124 124 124 124 124 124 124 124 124 124 124 124 124 124 124 124 124 124 124 124 124 124 124 124 124 124 124 124 124 124 124 124 124 124 124 124 124 124 124 124 124 124 124 124 124 124 124 124 124 124 124 124 124 124 124 124 124 124 124 124 124 124 124 124 124 124 124 124 124 124 124 124 124 124 124 124 124 124 124 124 124 124 124 124 124 124 124 
113 113 113 113 113 113 113 113 113 113 113 113 113 113 113 113 113 113 113 113 113 113 113 113 113 113 113 113 113 113 113 113 113 113 109 109 109 109 109 109 109 109 109 108 108 108 108 108 108 108 108 108 108 108 108 108 108 108 108 108 108 108 108 108 108 108 108 108 106 106 106 106 106 106 106 106 106 106 106 106 106 106 103 103 103 103 103 103 103 103 103 103 103 103 103 103 103 103 
